"HydroLight Run Title: Lab7 (20 JUN 2023 18:19)"
    1        20     "(num of wavelengths, num of sheets)"
"wavelength (nm)" "depth (m)"
"header record 5: reserved for future use"
"K_PAR" "K_PAR and broadband K_d (1/m)"       21        3
 "Insufficient wavelength range: K_PAR was not calculated for this run"
" " "depth" "K_PAR (from Eo)" "K_d (broadband)"
    0.010     8.8381E-02     1.2435E-01
    2.010     1.1075E-01     1.3248E-01
    4.010     1.2312E-01     1.3781E-01
    6.010     1.3108E-01     1.4163E-01
    8.010     1.3666E-01     1.4447E-01
   10.010     1.4074E-01     1.4663E-01
   12.010     1.4380E-01     1.4829E-01
   14.010     1.4612E-01     1.4956E-01
   16.010     1.4790E-01     1.5055E-01
   18.010     1.4927E-01     1.5132E-01
   20.010     1.5032E-01     1.5192E-01
   22.010     1.5115E-01     1.5239E-01
   24.010     1.5179E-01     1.5275E-01
   26.010     1.5229E-01     1.5304E-01
   28.010     1.5267E-01     1.5326E-01
   30.010     1.5297E-01     1.5344E-01
   32.010     1.5321E-01     1.5358E-01
   34.010     1.5339E-01     1.5368E-01
   36.010     1.5353E-01     1.5377E-01
   38.010     1.5366E-01     1.5384E-01
   40.010     1.5375E-01     1.5389E-01
"PAR" "PAR (mumol phot)/(m^2 s) and broadband irradiances (W/m^2)"       22        5
 "Insufficient wavelength range: PAR was not calculated for this run"
" " "depth" "PAR_Eo"  "PAR_Ed" "broadband Eo" "broadband Ed"
" " "in air"    -9.9900E+02    -9.9900E+02    -9.9900E+02    -9.9900E+02
    0.000    -9.9900E+02    -9.9900E+02    -9.9900E+02    -9.9900E+02
    2.000    -9.9900E+02    -9.9900E+02    -9.9900E+02    -9.9900E+02
    4.000    -9.9900E+02    -9.9900E+02    -9.9900E+02    -9.9900E+02
    6.000    -9.9900E+02    -9.9900E+02    -9.9900E+02    -9.9900E+02
    8.000    -9.9900E+02    -9.9900E+02    -9.9900E+02    -9.9900E+02
   10.000    -9.9900E+02    -9.9900E+02    -9.9900E+02    -9.9900E+02
   12.000    -9.9900E+02    -9.9900E+02    -9.9900E+02    -9.9900E+02
   14.000    -9.9900E+02    -9.9900E+02    -9.9900E+02    -9.9900E+02
   16.000    -9.9900E+02    -9.9900E+02    -9.9900E+02    -9.9900E+02
   18.000    -9.9900E+02    -9.9900E+02    -9.9900E+02    -9.9900E+02
   20.000    -9.9900E+02    -9.9900E+02    -9.9900E+02    -9.9900E+02
   22.000    -9.9900E+02    -9.9900E+02    -9.9900E+02    -9.9900E+02
   24.000    -9.9900E+02    -9.9900E+02    -9.9900E+02    -9.9900E+02
   26.000    -9.9900E+02    -9.9900E+02    -9.9900E+02    -9.9900E+02
   28.000    -9.9900E+02    -9.9900E+02    -9.9900E+02    -9.9900E+02
   30.000    -9.9900E+02    -9.9900E+02    -9.9900E+02    -9.9900E+02
   32.000    -9.9900E+02    -9.9900E+02    -9.9900E+02    -9.9900E+02
   34.000    -9.9900E+02    -9.9900E+02    -9.9900E+02    -9.9900E+02
   36.000    -9.9900E+02    -9.9900E+02    -9.9900E+02    -9.9900E+02
   38.000    -9.9900E+02    -9.9900E+02    -9.9900E+02    -9.9900E+02
   40.000    -9.9900E+02    -9.9900E+02    -9.9900E+02    -9.9900E+02
"K_Lu" "K_Lu (1/m)"        1       22
 " "
" " "wavelen"    0.010    2.010    4.010    6.010    8.010   10.010   12.010   14.010   16.010   18.010   20.010   22.010   24.010   26.010   28.010   30.010   32.010   34.010   36.010   38.010   40.010
   550.0   1.1264E-01   1.2486E-01   1.3240E-01   1.3765E-01   1.4149E-01   1.4436E-01   1.4655E-01   1.4823E-01   1.4953E-01   1.5053E-01   1.5131E-01   1.5191E-01   1.5238E-01   1.5275E-01   1.5304E-01   1.5326E-01   1.5344E-01   1.5358E-01   1.5369E-01   1.5377E-01   1.5384E-01
"K_u" "K_u (1/m)"        1       22
 " "
" " "wavelen"    0.010    2.010    4.010    6.010    8.010   10.010   12.010   14.010   16.010   18.010   20.010   22.010   24.010   26.010   28.010   30.010   32.010   34.010   36.010   38.010   40.010
   550.0   7.5915E-02   1.0387E-01   1.1854E-01   1.2786E-01   1.3432E-01   1.3901E-01   1.4250E-01   1.4513E-01   1.4714E-01   1.4869E-01   1.4988E-01   1.5080E-01   1.5152E-01   1.5207E-01   1.5251E-01   1.5284E-01   1.5311E-01   1.5332E-01   1.5347E-01   1.5361E-01   1.5371E-01
"K_d" "K_d (1/m)"        1       22
 " "
" " "wavelen"    0.010    2.010    4.010    6.010    8.010   10.010   12.010   14.010   16.010   18.010   20.010   22.010   24.010   26.010   28.010   30.010   32.010   34.010   36.010   38.010   40.010
   550.0   1.2435E-01   1.3248E-01   1.3781E-01   1.4163E-01   1.4447E-01   1.4663E-01   1.4829E-01   1.4956E-01   1.5055E-01   1.5132E-01   1.5192E-01   1.5239E-01   1.5275E-01   1.5304E-01   1.5326E-01   1.5344E-01   1.5358E-01   1.5369E-01   1.5377E-01   1.5384E-01   1.5389E-01
"Eo_quantum" "Band-integrated quantum Eo [microEinst/(m^2 s)]"        1       23
 " "
" " "wavelen" "in air"    0.000    2.000    4.000    6.000    8.000   10.000   12.000   14.000   16.000   18.000   20.000   22.000   24.000   26.000   28.000   30.000   32.000   34.000   36.000   38.000   40.000
   550.0   9.9625E+00   7.8803E+00   6.4473E+00   5.0981E+00   3.9521E+00   3.0230E+00   2.2903E+00   1.7229E+00   1.2892E+00   9.6074E-01   7.1372E-01   5.2893E-01   3.9122E-01   2.8897E-01   2.1321E-01   1.5715E-01   1.1577E-01   8.5233E-02   6.2726E-02   4.6147E-02   3.3942E-02   2.4958E-02
"Rrs" "Rrs (1/sr)"        1        5
 " "
" " "in air" "Rrs" "Ed" "Lw" "Lu"
   550.0   3.3191E-03   1.4275E+00   4.7382E-03   1.2833E-02
"R" "R = Eu/Ed"        1       23
 " "
" " "wavelen" "in air"    0.000    2.000    4.000    6.000    8.000   10.000   12.000   14.000   16.000   18.000   20.000   22.000   24.000   26.000   28.000   30.000   32.000   34.000   36.000   38.000   40.000
   550.0   4.5001E-02   2.8575E-02   3.0788E-02   3.2270E-02   3.3342E-02   3.4142E-02   3.4750E-02   3.5217E-02   3.5576E-02   3.5855E-02   3.6072E-02   3.6240E-02   3.6372E-02   3.6474E-02   3.6554E-02   3.6617E-02   3.6666E-02   3.6705E-02   3.6736E-02   3.6760E-02   3.6779E-02   3.6794E-02
"Lu over Ed" "Lu/Ed (1/sr)"        1       23
 " "
" " "wavelen" "in air"    0.000    2.000    4.000    6.000    8.000   10.000   12.000   14.000   16.000   18.000   20.000   22.000   24.000   26.000   28.000   30.000   32.000   34.000   36.000   38.000   40.000
   550.0   8.9897E-03   6.2412E-03   6.3602E-03   6.4426E-03   6.5028E-03   6.5479E-03   6.5822E-03   6.6084E-03   6.6286E-03   6.6442E-03   6.6563E-03   6.6656E-03   6.6729E-03   6.6785E-03   6.6829E-03   6.6864E-03   6.6890E-03   6.6911E-03   6.6928E-03   6.6941E-03   6.6951E-03   6.6959E-03
"Eu" "Eu (W/m^2 nm)"        1       23
 " "
" " "wavelen" "in air"    0.000    2.000    4.000    6.000    8.000   10.000   12.000   14.000   16.000   18.000   20.000   22.000   24.000   26.000   28.000   30.000   32.000   34.000   36.000   38.000   40.000
   550.0   6.4240E-02   4.0102E-02   3.3402E-02   2.6711E-02   2.0867E-02   1.6049E-02   1.2209E-02   9.2120E-03   6.9087E-03   5.1574E-03   3.8365E-03   2.8461E-03   2.1068E-03   1.5571E-03   1.1494E-03   8.4754E-04   6.2452E-04   4.5990E-04   3.3852E-04   2.4908E-04   1.8323E-04   1.3474E-04
"Ed" "Ed (W/m^2 nm)"        1       23
 " "
" " "wavelen" "in air"    0.000    2.000    4.000    6.000    8.000   10.000   12.000   14.000   16.000   18.000   20.000   22.000   24.000   26.000   28.000   30.000   32.000   34.000   36.000   38.000   40.000
   550.0   1.4275E+00   1.4034E+00   1.0849E+00   8.2773E-01   6.2584E-01   4.7007E-01   3.5133E-01   2.6158E-01   1.9419E-01   1.4384E-01   1.0636E-01   7.8534E-02   5.7924E-02   4.2690E-02   3.1443E-02   2.3146E-02   1.7032E-02   1.2530E-02   9.2151E-03   6.7759E-03   4.9818E-03   3.6620E-03
"Eo" "Eo (W/m^2 nm)"        1       23
 " "
" " "wavelen" "in air"    0.000    2.000    4.000    6.000    8.000   10.000   12.000   14.000   16.000   18.000   20.000   22.000   24.000   26.000   28.000   30.000   32.000   34.000   36.000   38.000   40.000
   550.0   2.1669E+00   1.7140E+00   1.4023E+00   1.1089E+00   8.5959E-01   6.5751E-01   4.9815E-01   3.7474E-01   2.8041E-01   2.0896E-01   1.5524E-01   1.1504E-01   8.5092E-02   6.2852E-02   4.6373E-02   3.4182E-02   2.5180E-02   1.8538E-02   1.3643E-02   1.0037E-02   7.3825E-03   5.4284E-03
"Eou" "Eou (W/m^2 nm)"        1       23
 " "
" " "wavelen" "in air"    0.000    2.000    4.000    6.000    8.000   10.000   12.000   14.000   16.000   18.000   20.000   22.000   24.000   26.000   28.000   30.000   32.000   34.000   36.000   38.000   40.000
   550.0   1.6999E-01   9.8428E-02   8.5658E-02   7.0124E-02   5.5606E-02   4.3213E-02   3.3117E-02   2.5126E-02   1.8922E-02   1.4170E-02   1.0566E-02   7.8530E-03   5.8214E-03   4.3073E-03   3.1822E-03   2.3481E-03   1.7311E-03   1.2753E-03   9.3903E-04   6.9111E-04   5.0848E-04   3.7398E-04
"Eod" "Eod (W/m^2 nm)"        1       23
 " "
" " "wavelen" "in air"    0.000    2.000    4.000    6.000    8.000   10.000   12.000   14.000   16.000   18.000   20.000   22.000   24.000   26.000   28.000   30.000   32.000   34.000   36.000   38.000   40.000
   550.0   1.9969E+00   1.6156E+00   1.3166E+00   1.0387E+00   8.0398E-01   6.1430E-01   4.6503E-01   3.4962E-01   2.6148E-01   1.9479E-01   1.4467E-01   1.0719E-01   7.9271E-02   5.8545E-02   4.3191E-02   3.1833E-02   2.3449E-02   1.7263E-02   1.2704E-02   9.3460E-03   6.8740E-03   5.0544E-03
"Lu" "Lu (W/m^2 nm sr)"        1       23
 " "
" " "wavelen" "in air"    0.000    2.000    4.000    6.000    8.000   10.000   12.000   14.000   16.000   18.000   20.000   22.000   24.000   26.000   28.000   30.000   32.000   34.000   36.000   38.000   40.000
   550.0   1.2833E-02   8.7588E-03   6.9002E-03   5.3327E-03   4.0697E-03   3.0780E-03   2.3125E-03   1.7286E-03   1.2872E-03   9.5570E-04   7.0794E-04   5.2348E-04   3.8652E-04   2.8511E-04   2.1013E-04   1.5476E-04   1.1393E-04   8.3837E-05   6.1674E-05   4.5359E-05   3.3353E-05   2.4520E-05
"Ed_in_air" "Ed in air (W/m^2 nm)"        1        4
 " "
" " "wavelen" "Ed_diffuse" "Ed_direct" "Ed_total"
   550.0  3.9728E-01  1.0303E+00  1.4275E+00
"bb fraction" "backscat ratio bb/b"        5       22
 " "
" " "wavelen"    0.000    2.000    4.000    6.000    8.000   10.000   12.000   14.000   16.000   18.000   20.000   22.000   24.000   26.000   28.000   30.000   32.000   34.000   36.000   38.000   40.000
   550.0   1.8330E-02   1.8330E-02   1.8330E-02   1.8330E-02   1.8330E-02   1.8330E-02   1.8330E-02   1.8330E-02   1.8330E-02   1.8330E-02   1.8330E-02   1.8330E-02   1.8330E-02   1.8330E-02   1.8330E-02   1.8330E-02   1.8330E-02   1.8330E-02   1.8330E-02   1.8330E-02   1.8330E-02
 " "
" " "bb/b ratio for component  1"
" " "wavelen"    0.000    2.000    4.000    6.000    8.000   10.000   12.000   14.000   16.000   18.000   20.000   22.000   24.000   26.000   28.000   30.000   32.000   34.000   36.000   38.000   40.000
   550.0   1.8330E-02   1.8330E-02   1.8330E-02   1.8330E-02   1.8330E-02   1.8330E-02   1.8330E-02   1.8330E-02   1.8330E-02   1.8330E-02   1.8330E-02   1.8330E-02   1.8330E-02   1.8330E-02   1.8330E-02   1.8330E-02   1.8330E-02   1.8330E-02   1.8330E-02   1.8330E-02   1.8330E-02
"bb" "backscat coef b (1/m)"        5       22
 " "
" " "wavelen"    0.000    2.000    4.000    6.000    8.000   10.000   12.000   14.000   16.000   18.000   20.000   22.000   24.000   26.000   28.000   30.000   32.000   34.000   36.000   38.000   40.000
   550.0   7.3320E-03   7.3320E-03   7.3320E-03   7.3320E-03   7.3320E-03   7.3320E-03   7.3320E-03   7.3320E-03   7.3320E-03   7.3320E-03   7.3320E-03   7.3320E-03   7.3320E-03   7.3320E-03   7.3320E-03   7.3320E-03   7.3320E-03   7.3320E-03   7.3320E-03   7.3320E-03   7.3320E-03
 " "
" " "bb (1/m) for component  1"
" " "wavelen"    0.000    2.000    4.000    6.000    8.000   10.000   12.000   14.000   16.000   18.000   20.000   22.000   24.000   26.000   28.000   30.000   32.000   34.000   36.000   38.000   40.000
   550.0   7.3320E-03   7.3320E-03   7.3320E-03   7.3320E-03   7.3320E-03   7.3320E-03   7.3320E-03   7.3320E-03   7.3320E-03   7.3320E-03   7.3320E-03   7.3320E-03   7.3320E-03   7.3320E-03   7.3320E-03   7.3320E-03   7.3320E-03   7.3320E-03   7.3320E-03   7.3320E-03   7.3320E-03
"b" "scat coef b (1/m)"        5       22
 " "
" " "wavelen"    0.000    2.000    4.000    6.000    8.000   10.000   12.000   14.000   16.000   18.000   20.000   22.000   24.000   26.000   28.000   30.000   32.000   34.000   36.000   38.000   40.000
   550.0   4.0000E-01   4.0000E-01   4.0000E-01   4.0000E-01   4.0000E-01   4.0000E-01   4.0000E-01   4.0000E-01   4.0000E-01   4.0000E-01   4.0000E-01   4.0000E-01   4.0000E-01   4.0000E-01   4.0000E-01   4.0000E-01   4.0000E-01   4.0000E-01   4.0000E-01   4.0000E-01   4.0000E-01
 " "
" " "b (1/m) for component  1"
" " "wavelen"    0.000    2.000    4.000    6.000    8.000   10.000   12.000   14.000   16.000   18.000   20.000   22.000   24.000   26.000   28.000   30.000   32.000   34.000   36.000   38.000   40.000
   550.0   4.0000E-01   4.0000E-01   4.0000E-01   4.0000E-01   4.0000E-01   4.0000E-01   4.0000E-01   4.0000E-01   4.0000E-01   4.0000E-01   4.0000E-01   4.0000E-01   4.0000E-01   4.0000E-01   4.0000E-01   4.0000E-01   4.0000E-01   4.0000E-01   4.0000E-01   4.0000E-01   4.0000E-01
"a" "abs coef a (1/m)"        5       22
 " "
" " "wavelen"    0.000    2.000    4.000    6.000    8.000   10.000   12.000   14.000   16.000   18.000   20.000   22.000   24.000   26.000   28.000   30.000   32.000   34.000   36.000   38.000   40.000
   550.0   1.0000E-01   1.0000E-01   1.0000E-01   1.0000E-01   1.0000E-01   1.0000E-01   1.0000E-01   1.0000E-01   1.0000E-01   1.0000E-01   1.0000E-01   1.0000E-01   1.0000E-01   1.0000E-01   1.0000E-01   1.0000E-01   1.0000E-01   1.0000E-01   1.0000E-01   1.0000E-01   1.0000E-01
 " "
" " "a (1/m) for component  1"
" " "wavelen"    0.000    2.000    4.000    6.000    8.000   10.000   12.000   14.000   16.000   18.000   20.000   22.000   24.000   26.000   28.000   30.000   32.000   34.000   36.000   38.000   40.000
   550.0   1.0000E-01   1.0000E-01   1.0000E-01   1.0000E-01   1.0000E-01   1.0000E-01   1.0000E-01   1.0000E-01   1.0000E-01   1.0000E-01   1.0000E-01   1.0000E-01   1.0000E-01   1.0000E-01   1.0000E-01   1.0000E-01   1.0000E-01   1.0000E-01   1.0000E-01   1.0000E-01   1.0000E-01
