"HydroLight Run Title: Lab7 (20 JUN 2023 18:19)"
"Wavelength =   550.0 nm"
    1         4     "(num of wavelengths, num of sheets)"
"header record 4: reserved for future use"
"header record 5: reserved for future use"
   550.0    1     "(wavelength and wavelength band)"
"K funcs"       21        6     "(sheet title, num rows, num cols)"
 "depth" "K_d" "K_u" "K_o" "K_net" "K_Lu"
 "(m)" "(1/m)" "(1/m)" "(1/m)" "(1/m)" "(1/m)"
   0.010   1.2435E-01   7.5915E-02   8.8381E-02   1.2577E-01   1.1264E-01
   2.010   1.3248E-01   1.0387E-01   1.1075E-01   1.3339E-01   1.2486E-01
   4.010   1.3781E-01   1.1854E-01   1.2312E-01   1.3845E-01   1.3240E-01
   6.010   1.4163E-01   1.2786E-01   1.3108E-01   1.4210E-01   1.3765E-01
   8.010   1.4447E-01   1.3432E-01   1.3666E-01   1.4483E-01   1.4149E-01
  10.010   1.4663E-01   1.3901E-01   1.4074E-01   1.4690E-01   1.4436E-01
  12.010   1.4829E-01   1.4250E-01   1.4380E-01   1.4850E-01   1.4655E-01
  14.010   1.4956E-01   1.4513E-01   1.4612E-01   1.4973E-01   1.4823E-01
  16.010   1.5055E-01   1.4714E-01   1.4790E-01   1.5068E-01   1.4953E-01
  18.010   1.5132E-01   1.4869E-01   1.4927E-01   1.5142E-01   1.5053E-01
  20.010   1.5192E-01   1.4988E-01   1.5032E-01   1.5200E-01   1.5131E-01
  22.010   1.5239E-01   1.5080E-01   1.5115E-01   1.5245E-01   1.5191E-01
  24.010   1.5275E-01   1.5152E-01   1.5179E-01   1.5280E-01   1.5238E-01
  26.010   1.5304E-01   1.5207E-01   1.5229E-01   1.5308E-01   1.5275E-01
  28.010   1.5326E-01   1.5251E-01   1.5267E-01   1.5329E-01   1.5304E-01
  30.010   1.5344E-01   1.5284E-01   1.5297E-01   1.5346E-01   1.5326E-01
  32.010   1.5358E-01   1.5311E-01   1.5321E-01   1.5359E-01   1.5344E-01
  34.010   1.5369E-01   1.5332E-01   1.5340E-01   1.5370E-01   1.5358E-01
  36.010   1.5377E-01   1.5347E-01   1.5353E-01   1.5378E-01   1.5369E-01
  38.010   1.5384E-01   1.5361E-01   1.5366E-01   1.5385E-01   1.5377E-01
  40.010   1.5389E-01   1.5371E-01   1.5375E-01   1.5390E-01   1.5384E-01
"AOPs"       22        6     "(sheet title, num rows, num cols)"
 "depth" "Lu/Ed" "R=Eu/Ed" "mubar_d" "mubar_u" "mubar"
 "(m)" "(1/sr)" " " " " " " " "
 "in air"   8.9897E-03   0.0450   0.7149   0.3779   0.6292
   0.000   6.2412E-03   0.0286   0.8687   0.4074   0.7954
   2.000   6.3602E-03   0.0308   0.8240   0.3899   0.7498
   4.000   6.4426E-03   0.0323   0.7969   0.3809   0.7224
   6.000   6.5028E-03   0.0333   0.7784   0.3753   0.7038
   8.000   6.5479E-03   0.0341   0.7652   0.3714   0.6905
  10.000   6.5822E-03   0.0348   0.7555   0.3686   0.6808
  12.000   6.6084E-03   0.0352   0.7482   0.3666   0.6734
  14.000   6.6286E-03   0.0356   0.7427   0.3651   0.6679
  16.000   6.6442E-03   0.0359   0.7384   0.3640   0.6637
  18.000   6.6563E-03   0.0361   0.7352   0.3631   0.6604
  20.000   6.6656E-03   0.0362   0.7327   0.3624   0.6579
  22.000   6.6729E-03   0.0364   0.7307   0.3619   0.6560
  24.000   6.6785E-03   0.0365   0.7292   0.3615   0.6544
  26.000   6.6829E-03   0.0366   0.7280   0.3612   0.6533
  28.000   6.6864E-03   0.0366   0.7271   0.3610   0.6524
  30.000   6.6890E-03   0.0367   0.7264   0.3608   0.6516
  32.000   6.6911E-03   0.0367   0.7258   0.3606   0.6511
  34.000   6.6928E-03   0.0367   0.7254   0.3605   0.6506
  36.000   6.6941E-03   0.0368   0.7250   0.3604   0.6503
  38.000   6.6951E-03   0.0368   0.7247   0.3603   0.6500
  40.000   6.6959E-03   0.0368   0.7245   0.3603   0.6498
"IRRAD"       22        6     "(sheet title, num rows, num cols)"
 "depth" "Ed" "Eu" "Eo" "Lu" "Lu/Ed"
 "(m)" "(W/m^2 nm)" "(W/m^2 nm)" "(W/m^2 nm)" "(W/m^2 sr nm)" "(1/sr)"
 "in air"   1.4275E+00   6.4240E-02   2.1669E+00   1.2833E-02   8.9897E-03
   0.000   1.4034E+00   4.0102E-02   1.7140E+00   8.7588E-03   6.2412E-03
   2.000   1.0849E+00   3.3402E-02   1.4023E+00   6.9002E-03   6.3602E-03
   4.000   8.2773E-01   2.6711E-02   1.1089E+00   5.3327E-03   6.4426E-03
   6.000   6.2584E-01   2.0867E-02   8.5959E-01   4.0697E-03   6.5028E-03
   8.000   4.7007E-01   1.6049E-02   6.5751E-01   3.0780E-03   6.5479E-03
  10.000   3.5133E-01   1.2209E-02   4.9815E-01   2.3125E-03   6.5822E-03
  12.000   2.6158E-01   9.2120E-03   3.7474E-01   1.7286E-03   6.6084E-03
  14.000   1.9419E-01   6.9087E-03   2.8041E-01   1.2872E-03   6.6286E-03
  16.000   1.4384E-01   5.1574E-03   2.0896E-01   9.5570E-04   6.6442E-03
  18.000   1.0636E-01   3.8365E-03   1.5524E-01   7.0794E-04   6.6563E-03
  20.000   7.8534E-02   2.8461E-03   1.1504E-01   5.2348E-04   6.6656E-03
  22.000   5.7924E-02   2.1068E-03   8.5092E-02   3.8652E-04   6.6729E-03
  24.000   4.2690E-02   1.5571E-03   6.2852E-02   2.8511E-04   6.6785E-03
  26.000   3.1443E-02   1.1494E-03   4.6373E-02   2.1013E-04   6.6829E-03
  28.000   2.3146E-02   8.4754E-04   3.4182E-02   1.5476E-04   6.6864E-03
  30.000   1.7032E-02   6.2452E-04   2.5180E-02   1.1393E-04   6.6890E-03
  32.000   1.2530E-02   4.5990E-04   1.8538E-02   8.3837E-05   6.6911E-03
  34.000   9.2151E-03   3.3852E-04   1.3643E-02   6.1674E-05   6.6928E-03
  36.000   6.7759E-03   2.4908E-04   1.0037E-02   4.5359E-05   6.6941E-03
  38.000   4.9818E-03   1.8323E-04   7.3825E-03   3.3353E-05   6.6951E-03
  40.000   3.6620E-03   1.3474E-04   5.4284E-03   2.4520E-05   6.6959E-03
"IOPs"       21        7     "(sheet title, num rows, num cols)"
 "depth" "a" "b" "c" "omega0" "bb" "bb/b"
 "(m)" "(1/m)" "(1/m)" "(1/m)" " " "(1/m)"
   0.000      0.1000      0.4000      0.5000      0.8000     0.00733     0.01833
   2.000      0.1000      0.4000      0.5000      0.8000     0.00733     0.01833
   4.000      0.1000      0.4000      0.5000      0.8000     0.00733     0.01833
   6.000      0.1000      0.4000      0.5000      0.8000     0.00733     0.01833
   8.000      0.1000      0.4000      0.5000      0.8000     0.00733     0.01833
  10.000      0.1000      0.4000      0.5000      0.8000     0.00733     0.01833
  12.000      0.1000      0.4000      0.5000      0.8000     0.00733     0.01833
  14.000      0.1000      0.4000      0.5000      0.8000     0.00733     0.01833
  16.000      0.1000      0.4000      0.5000      0.8000     0.00733     0.01833
  18.000      0.1000      0.4000      0.5000      0.8000     0.00733     0.01833
  20.000      0.1000      0.4000      0.5000      0.8000     0.00733     0.01833
  22.000      0.1000      0.4000      0.5000      0.8000     0.00733     0.01833
  24.000      0.1000      0.4000      0.5000      0.8000     0.00733     0.01833
  26.000      0.1000      0.4000      0.5000      0.8000     0.00733     0.01833
  28.000      0.1000      0.4000      0.5000      0.8000     0.00733     0.01833
  30.000      0.1000      0.4000      0.5000      0.8000     0.00733     0.01833
  32.000      0.1000      0.4000      0.5000      0.8000     0.00733     0.01833
  34.000      0.1000      0.4000      0.5000      0.8000     0.00733     0.01833
  36.000      0.1000      0.4000      0.5000      0.8000     0.00733     0.01833
  38.000      0.1000      0.4000      0.5000      0.8000     0.00733     0.01833
  40.000      0.1000      0.4000      0.5000      0.8000     0.00733     0.01833
